|0000|019|0|01012025|31012025|EMPRESA FICTICIA DE EXEMPLO LTDA|11222333000181||CE|060000015|2304400|||A|1|
|0001|0|
|0005|EXEMPLO|60000000|RUA DE EXEMPLO|100||CENTRO|8500000000||exemplo@example.com|
|0100|CONTADOR FICTICIO|12345678909|CE000000O0||60000000|RUA DE EXEMPLO|200||CENTRO|8500000000||contador@example.com|2304400|
|0150|C1|CLIENTE FICTICIO LTDA|01058|44555666000181||060000023|2304400||AVENIDA DE EXEMPLO|300||CENTRO|
|0150|F1|FORNECEDOR FICTICIO ME|01058|77888999000181|||2304400||RUA DO FORNECEDOR|50||CENTRO|
|0190|UN|UNIDADE|
|0200|MAT01|MATERIAL DE ESCRITORIO|||UN|07|48201000||48||||
|0990|9|
|B001|1|
|B990|2|
|C001|0|
|C100|1|0|C1|55|00|001|123|23250111222333000181550010000001231123456781|15012025|15012025|1000,00|0|0,00|0,00|1000,00|9|0,00|0,00|0,00|1000,00|180,00|0,00|0,00|0,00|||||
|C190|000|5102|18,00|1000,00|1000,00|180,00|0,00|0,00|0,00|0,00||
|C100|0|1|F1|55|00|001|456|23250177888999000181550010000004561876543212|10012025|12012025|200,00|0|0,00|0,00|200,00|9|0,00|0,00|0,00|200,00|36,00|0,00|0,00|0,00|||||
|C170|1|MAT01||1|UN|200,00|0,00|0|000|1556||200,00|18,00|36,00|0,00|0,00|0,00||||||||||||||||||||0,00|
|C190|000|1556|18,00|200,00|200,00|36,00|0,00|0,00|0,00|0,00||
|C990|7|
|D001|1|
|D990|2|
|E001|0|
|E100|01012025|31012025|
|E110|180,00|0,00|0,00|0,00|36,00|0,00|0,00|0,00|0,00|144,00|0,00|144,00|0,00|0,00|
|E116|000|144,00|20022025|1015|||||012025|
|E990|5|
|G001|1|
|G990|2|
|H001|1|
|H990|2|
|K001|1|
|K990|2|
|1001|0|
|1010|N|N|N|N|N|N|N|N|N|N|N|N|N|
|1990|3|
|9001|0|
|9900|0000|1|
|9900|0001|1|
|9900|0005|1|
|9900|0100|1|
|9900|0150|2|
|9900|0190|1|
|9900|0200|1|
|9900|0990|1|
|9900|B001|1|
|9900|B990|1|
|9900|C001|1|
|9900|C100|2|
|9900|C190|2|
|9900|C170|1|
|9900|C990|1|
|9900|D001|1|
|9900|D990|1|
|9900|E001|1|
|9900|E100|1|
|9900|E110|1|
|9900|E116|1|
|9900|E990|1|
|9900|G001|1|
|9900|G990|1|
|9900|H001|1|
|9900|H990|1|
|9900|K001|1|
|9900|K990|1|
|9900|1001|1|
|9900|1010|1|
|9900|1990|1|
|9900|9001|1|
|9900|9900|35|
|9900|9990|1|
|9900|9999|1|
|9990|38|
|9999|72|
